time,x,y,z,phi,theta,psi,x_velocity,y_velocity,z_velocity,phi_velocity,theta_velocity,psi_velocity,rotor_speed1,rotor_speed2,rotor_speed3,rotor_speed4
0.06,6.7939160278e-08,2.43679166557e-07,10.0023523103,0.000245077443412,6.28288169619,0.0,1.46471158806e-05,2.1265249311e-05,0.0784075121006,0.0112075537395,-0.0178303251109,0.0,429.8927042870006,428.37954980101097,430.37698803270257,431.32430623041125
0.12000000000000001,1.04681842711e-05,8.74709114941e-06,10.0090777737,0.000845224881941,6.28128603251,0.0,0.000449284409097,0.000324126570592,0.145767689026,0.00747624102255,-0.0567232237207,0.0,429.45834999246085,426.14678750035534,425.2099708561715,424.8901379272341
0.18,0.000107963975165,5.44946061821e-05,10.0281781238,0.00151216431818,6.27811311072,0.0,0.00325384099662,0.00127901968354,0.490825517941,0.0175490199742,-0.0461362957404,0.0,508.08937602496957,508.8462179075826,508.77793487947577,509.4983431909244
0.23999999999999996,0.000412221639591,0.000164863213918,10.0594796206,0.00287848914095,6.2752256771,0.0,0.00716002704706,0.00251799428712,0.552527583696,0.0315772542613,-0.0524274867689,0.0,425.7491446149472,425.2090750970088,423.6048344017439,424.8093232947945
0.3,0.000998151571988,0.00037536883278,10.0933800601,0.00474894135384,6.27282282905,0.0,0.0126163091548,0.00466993366091,0.577471776012,0.0303558245898,-0.0226716363923,0.0,410.6572272426653,413.28664257449617,413.5501279991327,413.44295978319155
0.36000000000000004,0.00198978466267,0.000768723546122,10.1324901882,0.00706858784756,6.27100496111,0.0,0.020602155575,0.00867165066924,0.726112905946,0.0515307922391,-0.0534299880266,0.0,453.4822188801423,451.0046228487576,451.81118208684586,453.5155930040312
0.4200000000000001,0.0035067246822,0.00145688423754,10.1803733119,0.0100951604933,6.26756173204,0.0,0.0303202784194,0.0145982198691,0.869884796127,0.0481739416775,-0.0667837353315,0.0,451.91725984698485,450.83746455676834,451.07964603653113,450.8100903237047
0.48000000000000015,0.00559077778777,0.00250471221843,10.2310860959,0.0126643030585,6.26324235044,0.0,0.0394791113616,0.0205502367058,0.820570252432,0.0290723265142,-0.0852302680797,0.0,389.1915583716721,387.45639274222964,387.5099287313153,385.71164228016136
0.5400000000000001,0.00842932143891,0.00403020279278,10.2851894498,0.014204239697,6.25874306198,0.0,0.0556648890279,0.0304814249454,0.982734870697,0.0177929724586,-0.0598723834877,0.0,457.80189053088765,459.81038910909746,455.5866642885045,454.68414502654497
0.6000000000000002,0.0122862171975,0.00615650453049,10.3470950725,0.0158504295126,6.25544446873,0.0,0.073244872244,0.0405367480825,1.0806862949,0.0418845936933,-0.0466462141202,0.0,437.17225200218786,438.27064641078823,435.9418932671107,437.9502799531901
0.6600000000000003,0.0173571341943,0.00897950512881,10.4182065843,0.0186687713407,6.25219002835,0.0,0.0961277038652,0.0538762167723,1.28946882736,0.0555816017963,-0.0772013900138,0.0,472.8426325625677,470.48103075927264,470.7175378109291,471.77733379261883
0.7200000000000003,0.0237794412356,0.0126081909829,10.498459608,0.0218112604691,6.24734915318,0.0,0.118424573733,0.0674067663418,1.38549639538,0.0450373676553,-0.0887469521854,0.0,438.19691433891893,437.2307538321212,437.6584522655223,436.78186594710553
0.7800000000000004,0.0317038540072,0.0171486923713,10.5861692562,0.02437693279,6.24226615389,0.0,0.146285087083,0.0842278573853,1.537935161,0.0377701643403,-0.0776813577065,0.0,454.926156354778,455.80549614476365,455.62091577609255,455.0405419036169
0.8400000000000004,0.0414669229142,0.0227874534453,10.6843732023,0.0268431383147,6.23767461768,0.0,0.179676621079,0.103999276949,1.7352177013,0.0470505714442,-0.0743101237292,0.0,469.77882565744613,470.0358490811331,468.3835180235806,469.10543511269753
0.9000000000000005,0.0532582127697,0.0296239359851,10.7926246452,0.0297223675518,6.23309667848,0.0,0.213841187423,0.124183294839,1.87291207581,0.0497968566643,-0.0806043957541,0.0,452.5766591074003,452.0652935327519,451.52124384729495,451.7440930719893
0.9600000000000005,0.0670873668696,0.0376676069982,10.9069162469,0.0327807229084,6.22829418564,0.0,0.247589758776,0.144226814908,1.93666339592,0.0532252724063,-0.078939637742,0.0,428.9884507654929,429.1243748097522,429.07614028329147,429.3688378988348
1.0200000000000005,0.0831884929764,0.0470658366303,11.0277740927,0.0357446144899,6.22331552553,0.0,0.289630984395,0.169377256054,2.09161114817,0.0403697624595,-0.0926036962789,0.0,458.49470812020775,457.40240887568154,458.8087773153639,457.78846509170904
1.0800000000000005,0.101768673507,0.0579424414735,11.1553361753,0.0383727729478,6.21763045346,0.0,0.330245593266,0.193416000379,2.16027913783,0.0499083061748,-0.0994312334058,0.0,432.5378735290319,431.9545882315597,430.87763671998965,431.6843761198563
1.1400000000000006,0.122904184118,0.0703177661375,11.2870891465,0.041318562394,6.21182416158,0.0,0.374834591552,0.219377031897,2.23128915013,0.0474219171744,-0.0919254693118,0.0,432.6652834769826,433.28841599994144,432.9746174682063,432.76695640446576
1.2000000000000006,0.14694931561,0.0843779279952,11.4247629659,0.044078053023,6.20627224155,0.0,0.42723408955,0.249577933058,2.35751622706,0.0429661901497,-0.093772594552,0.0,450.6435931304986,450.487167995392,451.241591388982,450.8829780508505
1.2600000000000007,0.174626229255,0.100518141858,11.5747182746,0.0466686596349,6.20017732301,0.0,0.49602294154,0.28873055507,2.64028852663,0.043594541479,-0.125652490396,0.0,498.8431956840773,496.5015647047459,497.59620589174295,497.643016469793
1.3200000000000007,0.206452645078,0.118993120329,11.7398958408,0.0493573701202,6.19230871015,0.0,0.565731380223,0.32738975522,2.86497255742,0.0471409233772,-0.14534217478,0.0,483.7831641000681,482.2837774153941,481.8185034418048,482.0875198327311
1.3800000000000008,0.242043025593,0.139522104665,11.9119065117,0.0519587326701,6.18359132373,0.0,0.621373787908,0.357142119883,2.86859862042,0.0344456970773,-0.145185303026,0.0,414.79015911546844,414.7825402702601,415.4758977342547,414.36250599457395
1.4400000000000008,0.281500552086,0.162072173047,12.0878085335,0.0537037974056,6.175546888,0.0,0.694717044351,0.394706092892,2.99434510298,0.0153134870933,-0.118020744684,0.0,453.67647764485184,455.8356867312476,455.1022223278799,453.56849220587844
1.5000000000000009,0.32604022922,0.187163013962,12.2759722218,0.0546600697546,6.16996409874,0.0,0.790631201721,0.441724778743,3.27687000122,0.017158234487,-0.065827124029,0.0,499.97232899071435,503.7530201267521,501.1360330422384,501.2699807739759
1.560000000000001,0.375523374052,0.214646840196,12.4728357032,0.0554937464086,6.16621693029,0.0,0.859131283704,0.474477572264,3.2851460153,0.0064037691643,-0.0564412382947,0.0,418.93099669452783,419.7432549234779,420.4275472865606,419.49458496526364
1.620000000000001,0.429282026634,0.244155513333,12.6710500247,0.0557732329493,6.16242375538,0.0,0.933123586266,0.509161938851,3.32181502908,0.000915606617005,-0.0823705496527,0.0,430.63120363358576,428.4288064795204,429.262339888113,428.79626622153455
1.680000000000001,0.486800314714,0.275404201857,12.8652956075,0.0559532390353,6.15745333565,0.0,0.984506589576,0.532487815537,3.1534602214,0.00687350431475,-0.0837961983983,0.0,355.61414061182097,355.4605952565893,356.6133201380761,357.22138035487785
1.740000000000001,0.548698170396,0.308598085505,13.0591280567,0.0564757118652,6.152737468,0.0,1.07921351061,0.573990796935,3.30706225125,0.0121451178874,-0.0698317189286,0.0,464.81175319375495,465.90015535915273,465.7784183231592,466.19039568824
1.8000000000000012,0.616383788534,0.344295873313,13.2622096206,0.0570836275527,6.14852295073,0.0,1.17735205735,0.615971655769,3.46173987448,0.00576645746989,-0.0710748651592,0.0,466.93840171273956,466.837901834503,467.65052874858577,467.1532688301282
1.8600000000000012,0.689693319982,0.382373782278,13.4719544043,0.0573447047955,6.14414279457,0.0,1.26666514078,0.653297728212,3.52943031867,0.00135889893537,-0.0771648742683,0.0,440.5997156956511,440.091698439369,442.5348568317633,442.17180704789206
1.9200000000000013,0.768652071059,0.422778135423,13.6872124884,0.0577952432493,6.13925281443,0.0,1.36570742562,0.693509193502,3.64533447256,0.0176089613045,-0.091995970394,0.0,458.0101231997763,456.82369915974965,456.34788528244997,457.64314294114655
1.9800000000000013,0.853838936544,0.465678572723,13.9106589262,0.0588393162877,6.13374692904,0.0,1.47435536577,0.736575534508,3.80218691787,0.0169824830203,-0.0913066207094,0.0,470.25375315871236,470.30057452272376,471.2670531231772,471.21853016255943
2.0400000000000014,0.945153244499,0.510985702688,14.1401378348,0.0601562697177,6.12835964997,0.0,1.56990673917,0.773748864719,3.84679990906,0.0303849374818,-0.0869136101797,0.0,437.5214666420437,437.88021199794576,436.1926768193468,437.3106104241572
2.1000000000000014,1.04212146768,0.558481019564,14.3711588267,0.0621055740878,6.12298794931,0.0,1.66279191104,0.809578383601,3.85371699028,0.0363936748657,-0.0953464255303,0.0,425.66006744466716,424.9305966144325,425.51312788914294,426.0276979717645
2.1600000000000015,1.14571425954,0.608528140959,14.6084632654,0.0639652669825,6.11722901042,0.0,1.79081035386,0.858834139993,4.05548253382,0.0170961699973,-0.0972844147456,0.0,486.5070903691793,486.3549698260631,487.4244353051531,485.98026647017235
2.2200000000000015,1.25574799475,0.661045294977,14.8497304939,0.0646507927736,6.11116856292,0.0,1.87743590793,0.891804051737,3.98684712922,-0.00342547685071,-0.109739499677,0.0,402.37325777268643,401.2338440139962,403.42210854677285,401.56453421033194
2.2800000000000016,1.37194196656,0.715868683439,15.0918411801,0.065492405468,6.10492927505,0.0,1.99623015898,0.935641081152,4.08293095016,0.0359871087946,-0.0944436382571,0.0,455.7228163075332,456.9346686232954,455.1971689492893,458.3405429316061
2.3400000000000016,1.49502271997,0.773213571398,15.3377204784,0.0675371567162,6.09971676984,0.0,2.10687760701,0.976019533371,4.11272341208,0.0299616401957,-0.0749225851208,0.0,436.7931669859526,438.41172596901725,435.94818655249173,435.44486585164424
2.4000000000000017,1.62472871697,0.8329792847,15.5848422961,0.069126042721,6.09537387875,0.0,2.21697422663,1.01629815644,4.12443712672,0.0184101301463,-0.0677328190841,0.0,431.05534039668186,431.65831698226924,431.9246361629092,430.9493844094101
2.4600000000000017,1.76192380278,0.895481552676,15.836920403,0.0699577268251,6.09178628367,0.0,2.35642224726,1.06715317294,4.27736029151,0.00271004091772,-0.0473741284156,0.0,475.7988409420633,477.35268662000914,476.62144830492434,475.4197986816375
2.520000000000002,1.90716848556,0.96091019767,16.096198255,0.0708853497011,6.08888104084,0.0,2.485204769,1.11381540884,4.36470614154,0.0332090770374,-0.0505998735111,0.0,458.01102780179036,457.7530100892927,456.64433193883167,459.07103552370046
2.580000000000002,2.05983951263,1.02903477993,16.3589481151,0.0726047270964,6.08526390098,0.0,2.60400583101,1.15714385631,4.39331627293,0.0174944393344,-0.0998712009876,0.0,442.4837345420141,438.40462616063473,440.8374535864598,439.53707993708696
2.640000000000002,2.21946687475,1.09969879384,16.6222236798,0.0732368667035,6.07939038116,0.0,2.71733782017,1.19837332539,4.38233603241,-0.00941768650402,-0.0942041726406,0.0,428.37811794084996,428.85119122597905,428.557384975342,426.26336254597146
2.700000000000002,2.38652289751,1.17302781739,16.8874120305,0.0724695515158,6.07374579528,0.0,2.85159132172,1.24580482987,4.45670364169,-0.0205659154267,-0.0938223530806,0.0,456.4958700762443,456.5190975737719,456.1666141851588,455.2755104882067
2.760000000000002,2.56198469172,1.24926501198,17.1582153457,0.0711747881213,6.06831201979,0.0,2.99750151583,1.29523058074,4.56931454667,-0.0236873343852,-0.0847363470621,0.0,468.9324253803385,469.6313534912111,469.1901691771829,468.9477565046957
2.820000000000002,2.74602560508,1.3283461691,17.4345082615,0.0699281442916,6.06312393021,0.0,3.13751696622,1.3406185971,4.63987571066,-0.0155146287684,-0.0901759062362,0.0,457.66570193323037,457.2265287553147,457.6395343320758,458.28970793203797
2.880000000000002,2.93865917705,1.41015436539,17.7154728496,0.0690049716245,6.05746567761,0.0,3.28394636282,1.38616276335,4.72493087529,-0.0151306151718,-0.104190574439,0.0,463.8804732004663,462.77121936269674,463.58492797016487,463.6152172809316
2.940000000000002,3.1397785874,1.4945517812,17.999784638,0.0676811959285,6.05179187454,0.0,3.42041881697,1.42693963493,4.75170524926,-0.0418947147201,-0.0801410705989,0.0,445.80173061587135,447.75498440001496,447.2469194886458,445.06124001861843
3.000000000000002,3.35019946691,1.5816535569,18.290030269,0.0656491905612,6.0473855297,0.0,3.59379231783,1.47610430519,4.92204595083,-0.0213359340201,-0.0626044435915,0.0,491.17260362817245,492.46789097370583,490.3868975333009,491.91145693532985
3.0600000000000023,3.56937414925,1.67118992546,18.5833339322,0.0645669852436,6.04351770903,0.0,3.71225772478,1.50833681299,4.85484107141,-0.0121430815301,-0.0684666266798,0.0,419.4625837439642,418.94975049836313,417.0855730144679,417.88787234826066
3.1200000000000023,3.79667522424,1.76289690776,18.8765762733,0.063733594115,6.03946181189,0.0,3.86460404368,1.54842926496,4.91930648595,-0.0176345966166,-0.0659166514496,0.0,461.7841843268276,461.9820851484987,461.25777345457203,460.82393288776785
3.1800000000000024,4.03409051028,1.85722131083,19.1773384004,0.0633574039195,6.03530080783,0.0,4.04929820989,1.59554297621,5.10483950658,0.0100658794751,-0.0772911164108,0.0,499.79964231744066,498.96670217761437,497.9719732122886,499.99454950462047
3.2400000000000024,4.2814993008,1.95407408632,19.484636803,0.063696532079,6.03111591575,0.0,4.19784361179,1.63287989595,5.1379435087,-0.00509005448919,-0.0578265627706,0.0,454.4008066302484,455.95508142173577,456.38705298240916,455.1754521909067
3.3000000000000025,4.53830301228,2.05327240373,19.7955806424,0.0631620617488,6.0283455986,0.0,4.36227409357,1.67362230836,5.22609963392,-0.0179139801506,-0.0295377965436,0.0,472.43416824905586,474.6094267152946,474.3176626252487,473.33171116585874
3.3600000000000025,4.80375136081,2.15459669779,20.1070457457,0.0618957050283,6.02648481929,0.0,4.4860435559,1.70375326159,5.15624241456,-0.028406647988,-0.0341392486083,0.0,424.7037414744301,424.3084152454229,424.0554555897452,423.1529124118457
3.4200000000000026,5.07737653118,2.25787851837,20.4171690735,0.0603100681718,6.02434727933,0.0,4.63474442355,1.73877885932,5.1808462645,-0.0227369556535,-0.0387770577362,0.0,454.87443384849905,454.5022727303391,454.96067118883366,455.41435543784473
3.4800000000000026,5.36028993133,2.36331106377,20.7301075994,0.0600194718719,6.0219094951,0.0,4.79561840007,1.7755125202,5.24980273555,0.0174716109975,-0.0446184096176,0.0,469.96348987580626,469.5096477492843,468.03422840902505,471.15389197035176
3.5400000000000027,5.65202891529,2.47075514027,21.0440284487,0.061028069524,6.01892157895,0.0,4.92907434785,1.80602009071,5.21413855879,0.0154527720633,-0.0629571926432,0.0,438.2570183071571,436.72801282998546,437.5546566243032,437.3864350568675
3.6000000000000028,5.95253546055,2.58020889444,21.3585178948,0.0620854430812,6.0151257373,0.0,5.08785866053,1.84247676665,5.2681896228,0.0216435146522,-0.0638845759006,0.0,467.2766277455371,467.20162011252506,465.821326931926,466.3052033141882
3.660000000000003,6.26155774456,2.69162950956,21.6724204545,0.0635053407063,6.01163512598,0.0,5.2130372523,1.87163728594,5.195311134,0.027428511545,-0.0486898058246,0.0,425.43849383503726,426.7352547568884,426.85663933318017,427.35024082449434
3.720000000000003,6.57939289378,2.80511314066,21.9865425607,0.0653783470467,6.00988998587,0.0,5.38130017294,1.91126206104,5.27466829498,0.0378815199416,-0.00545814716445,0.0,473.9385773120853,477.24994697113783,475.3731435738003,476.1738934976173
3.780000000000003,6.90642088906,2.92080184944,22.302250357,0.067708136115,6.00925341451,0.0,5.51944261197,1.94520141881,5.24884903088,0.0406615437747,-0.023678762736,0.0,443.41759716380506,441.91795974472154,444.6960276311434,444.92448882177683
3.840000000000003,7.24134123591,3.03847487995,22.6150998591,0.0704960523885,6.00806633016,0.0,5.64450864388,1.9774315211,5.17960649804,0.0560866849261,-0.0129555399064,0.0,429.69228666544444,430.6006210647587,428.0180490258566,429.33048463157854
3.900000000000003,7.58368701632,3.15811143657,22.9236036169,0.0740435934613,6.00710751719,0.0,5.76692432442,2.01071818591,5.10403440544,0.0645975948905,-0.022844082542,0.0,427.913649470619,427.0708922066438,425.98512817123463,426.71507472040963
3.960000000000003,7.93480189438,3.28018091656,23.2326717837,0.0782033387134,6.00579591569,0.0,5.93659717162,2.05859715444,5.19738614624,0.0774179916146,-0.0199613446243,0.0,480.3939875909615,480.6126007251224,481.1261244503234,482.09920145555066
4.020000000000002,8.29551697023,3.40505241043,23.5453645013,0.0828397775503,6.00490891415,0.0,6.086986984,2.10416300342,5.22523603285,0.0769845642698,-0.00604226000583,0.0,461.518628184288,462.61629016938133,462.90043904369304,462.87079689829204
4.080000000000001,8.66539917954,3.53279267159,23.8603352349,0.0876488608161,6.00416349381,0.0,6.24207799092,2.15423185061,5.27321324621,0.0858294759726,-0.0299487421622,0.0,470.3379449467803,468.48241085019436,469.7597157031878,470.4499957178667
4.14,9.04485134018,3.66371816808,24.1791878882,0.0931585125591,6.00249159007,0.0,6.40604679071,2.21039515353,5.35433514638,0.101713556141,-0.0239938045758,0.0,481.39367308984475,481.8440368033346,480.30542041802335,481.5151488378519
4.199999999999998,9.43487286851,3.79836744618,24.5054607644,0.0987934975382,6.00112663544,0.0,6.59420508701,2.27843545262,5.51998881319,0.0699063135154,-0.0203698054936,0.0,508.6351607290276,508.89472710096766,508.6260514868109,506.34836378220115
4.259999999999997,9.83636509524,3.93728427809,24.8423418848,0.103535488694,6.00063508191,0.0,6.78827459293,2.35247205204,5.70781247456,0.0928797878535,0.0089825125095,0.0,516.8802543102031,518.9452703501728,515.697266090928,517.3217360372076
4.319999999999996,10.247459556,4.08003805851,25.1836459091,0.108835151865,6.00062659202,0.0,6.91457245638,2.40641539052,5.66895774229,0.0771755657147,-0.033261653562,0.0,452.999191699599,449.5883755829745,452.06044593258065,450.79911420227944
4.379999999999995,10.6654965577,4.22588630259,25.5205853867,0.113840213341,5.99871954689,0.0,7.02000764906,2.45555382473,5.5626664766,0.0936367775997,-0.028982113901,0.0,428.9072433866793,429.2702608652927,428.1568509421079,429.5613520587411
4.439999999999993,11.0912586406,4.37530848935,25.8559533063,0.119567086291,5.99699455752,0.0,7.1717809057,2.52561830605,5.61547566119,0.0988417273417,-0.0282893125012,0.0,479.85305383638354,479.9054922363868,479.94616143437514,480.34814407516427
4.499999999999992,11.5248092968,4.52850888961,26.1900854128,0.125538417487,5.99583594043,0.0,7.27984305862,2.58150740136,5.5224754511,0.100848484326,-0.00563167236289,0.0,434.10306486013917,436.0007611871704,433.9899573324624,434.16719691064196
4.559999999999991,11.9649047571,4.68518927299,26.5189614361,0.131607229586,5.99607936949,0.0,7.38980503899,2.64163389479,5.44026568478,0.101736585282,0.0185590868451,0.0,437.6462156103225,439.6556962094051,436.6535687082722,436.7367164980905
4.6199999999999894,12.4121321668,4.84583365467,26.844911431,0.138020207456,5.9976010874,0.0,7.51731769544,2.71366819245,5.42455844049,0.115572583942,0.0363335348945,0.0,458.39879145710785,459.8095755358292,458.55602137750685,459.6636497624631
4.679999999999988,12.8666484229,5.01078030965,27.169001971,0.144871987918,6.00043894881,0.0,7.63272480539,2.78510044997,5.37854111082,0.111293926645,0.0632037568933,0.0,448.94205238505583,451.11888947851537,449.2425303208033,448.9068221708059
4.739999999999987,13.3284122015,5.18034082924,27.4918353861,0.15152840616,6.00457428049,0.0,7.75865338721,2.86745558777,5.38240659391,0.110224157215,0.0784235456645,0.0,464.42659650463867,465.6224574630851,465.8770522518105,465.80364892453395
4.799999999999986,13.7978835747,5.35511704389,27.8159406003,0.158763899108,6.00899020607,0.0,7.88950047298,2.95898742108,5.42072808585,0.135841307983,0.0615954788087,0.0,476.3412279230749,475.05599306685525,476.45472922979116,478.4214361716772
4.859999999999984,14.27487012,5.53541643696,28.1416909462,0.166545693799,6.01285419974,0.0,8.00929605404,3.05164280683,5.43730527953,0.113121262877,0.0694872384536,0.0,470.29036480946024,470.9041784630938,471.56185941880574,469.8170986867606
4.919999999999983,14.7575283801,5.72057556422,28.4635233605,0.173376541591,6.0175044962,0.0,8.07891962306,3.12088797313,5.29130382063,0.115260414358,0.090019258315,0.0,415.5559649917801,417.35756727733326,417.4135632889365,417.6127181758641
4.979999999999982,15.2442631434,5.90999490902,28.7767189415,0.180234347658,6.02273760494,0.0,8.14510374712,3.19366249135,5.14941388209,0.112298181494,0.0809330694413,0.0,417.12693207342653,416.3392456125707,416.14569700142187,415.8988506098249
5.0399999999999805,15.7358182529,6.10453554452,29.0850606093,0.186662795987,6.027425722,0.0,8.23933789375,3.29154794809,5.12867109909,0.0940664012831,0.0718568434605,0.0,457.0037581691741,456.28418543197074,455.3164442620718,453.8647111505632
