Episode,Total_reward
1,-51.8025754928
2,-51.8861422975
3,-51.396364627
4,-43.7960168437
5,-72.8486930082
6,-168.991882452
7,-125.677802162
8,-32.7038840254
9,-3.21607086918
10,-278.597864169
11,-84.6658325657
12,-135.484510209
13,-125.496614618
14,-126.690494275
15,-289.151311103
16,-42.4265075894
17,-55.1525773645
18,-40.4137164932
19,-7.45307828348
20,-48.7902611408
21,-34.1923157406
22,-50.4206696584
23,-65.4971490205
24,-74.6909733022
25,-124.89622391
26,-71.8441726626
27,-68.4333685713
28,-1914.13790383
29,-31.1485598102
30,-84.4013224485
31,-91.6192675551
32,-2106.09332299
33,-794.003519729
34,-172.718869531
35,-20.8369804252
36,-22.5984717884
37,-21.4579141484
38,-22.3843433527
39,-23.2368135111
40,-23.4211806348
41,-21.615881498
42,-22.6361438045
43,-22.6779776294
44,-23.0626444215
45,-22.7702974736
46,-23.1646328054
47,-22.9000464624
48,-17.8282068879
49,1.97768167953
50,-15.4742934352
51,-32.6985147483
52,-2.41336299272
53,-22.1848621999
54,-22.7054452848
55,-22.6059079766
56,-22.261879606
57,-22.9036407896
58,-22.2073714754
59,-22.2792784148
60,-23.6989428354
61,-22.265740664
62,-22.1181718824
63,-22.5695487564
64,-21.5321923476
65,-21.6604128368
66,-21.866472406
67,-20.0700900698
68,-20.2810514095
69,-22.415104958
70,-22.6979595141
71,-22.9230936841
72,-22.4755021601
73,-21.673167249
74,-22.1339261027
75,-22.8729057606
76,-22.5454851834
77,-22.0993843942
78,-23.436384305
79,-22.0332208534
80,-22.1928697156
81,-22.0100555209
82,-22.9114696926
83,-23.0212822189
84,-21.6113157031
85,-24.3722813979
86,-24.2008508147
87,-22.1713961544
88,-22.0277864711
89,-22.2428196164
90,-23.440642851
91,-22.5936650699
92,-28.1755039281
93,-22.1608530301
94,-22.7483636719
95,-23.652874794
96,-22.82100179
97,-23.0973988745
98,-23.0406916505
99,-22.9758110529
100,-23.4507813432
101,-23.2531487505
102,-22.9258935886
103,-22.8928061148
104,-22.7738998536
105,-22.316654719
106,-22.1949166418
107,-22.8867321716
108,-21.0129937396
109,-22.0743574509
110,-22.4466541074
111,-23.2016299619
112,-21.5552026507
113,-23.1234758946
114,-23.4033582035
115,-24.888969774
116,-29.0135619154
117,-25.7016973798
118,-22.923522912
119,-21.4181677784
120,-16.9209963715
121,-29.1325566367
122,-25.1890939022
123,-17.0877650347
124,-23.4120197342
125,-35.9040756281
126,-24.2442804617
127,-22.9172928187
128,-21.9806049027
129,-22.8928286039
130,-23.0018889227
131,-23.227177264
132,-23.5648334627
133,-24.7610189728
134,-22.3434178564
135,-24.6740711043
136,-22.9094750779
137,-23.1597978219
138,-23.7128633843
139,-22.8830719517
140,-22.2048668835
141,-22.8367467057
142,-22.8603165756
143,-21.2262777633
144,-23.2055405459
145,-22.3120367836
146,-22.8171395298
147,-18.1690321875
148,-18.4364711796
149,-23.2187265721
150,-22.2077666919
151,-22.5011064051
152,-22.5645106356
153,-22.7438475719
154,-27.0318164008
155,-22.6545769476
156,-23.0245937819
157,-22.7697623749
158,-22.7124885114
159,-21.2021532546
160,-22.2409758487
161,-9.43567410388
162,-13.0093564292
163,-21.5731895293
164,-20.9868137784
165,-1.84556082138
166,-2.98727849147
167,-3.59788764275
168,-7.04946306734
169,-11.4944390329
170,0.530912922714
171,-4.07290638294
172,-23.094579213
173,-23.1555824391
174,-11.6791594807
175,-28.1827271234
176,-11.6064263748
177,-20.3071087161
178,-83.0831792182
179,-161.908376455
180,-301.563053163
181,-21.4484703817
182,-21.774618666
183,-22.7154655997
184,-23.0611843315
185,-22.1021001409
186,-22.8264854522
187,-22.5427887556
188,-22.8407029178
189,-21.9543181879
190,-22.2676475643
191,-22.2146446787
192,-22.5529549336
193,-21.8938424312
194,-22.3431309196
195,-22.6343158754
196,-23.8242818164
197,-23.348107279
198,-21.6474355429
199,-23.8843436791
200,-23.7271226896
201,-23.2386294802
202,-22.0624137739
203,-22.9419752478
204,-22.146101015
205,-23.2863042996
206,-24.0530801829
207,-22.1853860663
208,-22.5132068146
209,-22.9036830747
210,-22.1364512149
211,-22.7280054327
212,-22.8463086428
213,-23.896578921
214,-22.9085849747
215,-22.3057337525
216,-23.6701095515
217,-23.2354698439
218,-23.0407648251
219,-23.8396394823
220,-22.8740182545
221,-23.6196493537
222,-22.879564807
223,-23.1749578002
224,-23.1871413004
225,-24.2495108964
226,-22.9989246706
227,-2885.85030458
228,-2109.39632528
229,-23.1850213459
230,-5.74648851936
231,-22.5108996395
232,-63.0915291993
233,-2818.19299269
234,-2320.16179902
235,-2480.1930875
236,-2473.78793099
237,-2202.17301363
238,-2601.67534849
239,-2298.33683155
240,-2224.78724936
241,-2184.8683387
242,-2547.05720861
243,-2395.70602001
244,-2143.95795259
245,-2539.86840804
246,-2360.94424467
247,-2294.20091044
248,-2245.58827244
249,-2268.64202806
250,-2303.07103177
251,-2241.76393486
252,-2230.87159426
253,-34.4114580892
254,-16.9572073446
255,-16.0291925394
256,-15.2927720581
257,-16.2451396094
258,-16.2500120903
259,-2514.51925488
260,-2360.06294957
261,-12.4758039428
262,-22.8397281832
263,-45.6784168398
264,-39.1640464936
265,-41.3383855696
266,-2558.51098184
267,-2569.5529988
268,-2450.65203043
269,4.74639794523
270,-71.4717519855
271,-17.1329551217
272,-16.7423131668
273,-16.3273074192
274,-15.940461133
275,-16.061995243
276,-15.5503006434
277,-16.4174249383
278,-14.9440981252
279,-15.7471599728
280,-17.3359943135
281,-16.63763492
282,-16.0548651661
283,-16.8128264741
284,-16.5085779629
285,-17.024640594
286,-16.061806199
287,-22.4323047605
288,-15.8385706653
289,-11.2968756644
290,-14.0361130768
291,-16.6884702689
292,-17.2004565093
293,-17.792195018
294,-15.6821844507
295,-16.0916669156
296,-15.7037483855
297,-15.7104649867
298,-16.6088132891
299,-15.992901158
300,-16.4256090993
301,-15.8986895138
302,-16.6187538898
303,-16.116300441
304,-16.482498751
305,-16.517709176
306,-18.0532737328
307,-15.2480172794
308,-16.1217410432
309,-792.757268172
310,-1005.73106003
311,-593.279577236
312,-16.5198058292
313,-16.2859612888
314,-15.6327574662
315,-17.2059584619
316,-15.0767890045
317,-16.126969425
318,-15.6666634832
319,-16.1360521115
320,-17.7363178949
321,-16.2207916658
322,-15.7587058869
323,-16.2431331842
324,-16.3673490065
325,-15.1795450219
326,-15.8580314811
327,-15.4724050064
328,-2203.31445446
329,-38.9107766428
330,-2480.20393361
331,-2447.47692154
332,-1885.29030861
333,-15.6130032881
334,-16.6057630738
335,-15.3798843846
336,-16.345747157
337,-15.7299456606
338,-17.1741594565
339,-15.526690317
340,-15.8135545226
341,-35.6753520183
342,-2135.70160729
343,-2435.28196893
344,-2613.07512157
345,-2531.7259376
346,-79.4271868415
347,-56.0455669685
348,-48.3224955395
349,-24.6141199246
350,-2177.2428865
351,-2460.38237627
352,-2244.7073808
353,-2605.61531983
354,-2706.93895335
355,-2304.66421246
356,-2222.88149164
357,-2277.89354079
358,-2734.37272103
359,-2649.72517187
360,-2234.87690678
361,-2638.98349515
362,-2180.93190726
363,-2288.70203158
364,-2468.24341814
365,-2361.79002381
366,-2233.8844732
367,-2526.63323321
368,-2551.0413752
369,-2435.65207013
370,-2442.74582221
371,-2251.42252109
372,-2650.42348751
373,-2316.40507681
374,-2666.39591241
375,-2257.5403584
376,-2417.51186016
377,-2285.65090649
378,-2690.14169563
379,-2311.35956193
380,-2404.17984486
381,-2330.48666966
382,-2532.50533667
383,-2536.93193352
384,-2321.71517342
385,-2288.86932202
386,-2219.33213042
387,-2700.38033016
388,-2771.61109514
389,-2437.78111131
390,-2548.27677881
391,-2510.1452259
392,-2372.95050634
393,-2303.10163113
394,-2161.51038611
395,-2258.9707748
396,-2522.00990656
397,-2444.54149821
398,-2154.18559636
399,-2386.65786808
400,-2480.88225333
401,-2179.47707452
402,-2468.26173829
403,-2326.40801387
404,-2448.17937146
405,-2669.81061786
406,-2221.67128347
407,-2495.20533437
408,-2588.21332089
409,-2154.86294384
410,-2561.21174573
411,-2187.54597685
412,-2632.43795827
413,-2315.99720971
414,-2163.67415916
415,-2811.29704807
416,-2677.07660081
417,-2477.72164135
418,-2288.15244679
419,-2449.73600795
420,-2307.76285641
421,-2234.53177632
422,-2163.50503784
423,-2484.71542605
424,-2702.72064568
425,-2663.71394762
426,-2296.18428899
427,-2603.46883799
428,-2751.56414902
429,-2355.353609
430,-2753.53038629
431,-2435.86007235
432,-2322.40416206
433,-2414.36360057
434,-2199.12719741
435,-2589.87571159
436,-2594.43539789
437,-2331.82284282
438,-2198.20992523
439,-2557.65894657
440,-2418.12308179
441,-2414.86993889
442,-2247.38602038
443,-2387.99928505
444,-2503.96098224
445,-2317.38009306
446,-2234.38719545
447,-2561.40512929
448,-2714.75873316
449,-2287.11536121
450,-2380.46332265
451,-2365.89654217
452,-2298.16352863
453,-140.500773887
454,-73.8183761069
455,-74.9596673408
456,-83.6060675988
457,-86.6582827756
458,-72.4579059885
459,-80.8545322079
460,-79.4185691323
461,-87.142624709
462,-88.8654278659
463,-78.0506338895
464,-68.1238642287
465,-84.0800979032
466,-78.6380384665
467,-68.6392580705
468,-83.8729802862
469,-83.7455479018
470,-84.1732223888
471,-87.9869415054
472,-79.045119499
473,-84.6304823715
474,-73.7925894377
475,-70.7686342981
476,-80.2473112881
477,-79.4826871474
478,-68.6156540767
479,-92.492728499
480,-73.2277120226
481,-67.2663243758
482,-70.543932903
483,-71.1624436892
484,-96.4652814045
485,-85.0526990016
486,-69.2814916109
487,-82.7661585909
488,-72.1293214445
489,-82.4162220164
490,-71.8297529657
491,-67.1413015359
492,-71.1646943456
493,-71.1739242314
494,-70.0611471586
495,-67.93780465
496,-80.0462117121
497,-67.8089097564
498,-79.8382381124
499,-89.7467632821
500,-74.4642022962
501,-75.3184093325
502,-90.5292412774
503,-80.2735321602
504,-70.0844265335
505,-83.1551274322
506,-69.2276177929
507,-68.7377417223
508,-73.7856718673
509,-82.5554424373
510,-77.5367018219
511,-71.8774025705
512,-90.5261024176
513,-73.8244379843
514,-81.3009057676
515,-86.9407740452
516,-87.2305995268
517,-75.5388757899
518,-79.7388264566
519,-79.5560194264
520,-75.4700369873
521,-96.586190431
522,-66.6159970294
523,-98.3860408249
524,-79.694601549
525,-76.1550059977
526,-76.531654237
527,-82.1837493952
528,-68.4220923154
529,-76.3642695217
530,-73.2050387416
531,-95.1033677455
532,-79.1521618982
533,-79.2550091875
534,-74.8513759185
535,-73.3273435895
536,-73.7546504396
537,-99.2553464747
538,-66.6293738126
539,-79.0141195299
540,-78.501933802
541,-81.0604104523
542,-77.8606764798
543,-82.4031483632
544,-77.5452439294
545,-69.4292347582
546,-67.5810835065
547,-78.6407837397
548,-74.5702343483
549,-91.0228205798
550,-69.4001673917
551,-86.8364303278
552,-71.3731875636
553,-99.0107429718
554,-77.668453622
555,-68.8162374269
556,-84.1104038411
557,-78.9512605807
558,-91.4328816471
559,-79.5344048481
560,-83.5031681478
561,-80.4518819979
562,-76.213975164
563,-76.2785864859
564,-96.2214102007
565,-79.9384980363
566,-79.6930509977
567,-94.5653053767
568,-81.5773208148
569,-70.9329848526
570,-80.2260925521
571,-92.5680417232
572,-92.2468676082
573,-74.9361288084
574,-77.4801962188
575,-76.2878626791
576,-68.4312365841
577,-73.4677361308
578,-68.4385193164
579,-74.5944430689
580,-86.3111288021
581,-70.2557825392
582,-78.9094190072
583,-74.9611909524
584,-86.7178636121
585,-78.2146302287
586,-81.7368996615
587,-95.6582928145
588,-91.2768901474
589,-96.1511904295
590,-93.4800219843
591,-93.6325149254
592,-72.8503627167
593,-82.9620945812
594,-84.6350644761
595,-76.1988780702
596,-93.2759333659
597,-75.9239701973
598,-82.215005694
599,-69.1963929409
600,-93.5980864976
601,-85.4868135191
602,-97.9748625703
603,-69.2257553162
604,-85.5173190083
605,-80.1782413256
606,-76.3184079995
607,-83.1841922966
608,-92.3380487418
609,-68.8924956682
610,-79.9005278589
611,-71.2752376431
612,-76.2606286484
613,-78.6589789267
614,-71.9085980674
615,-81.8544314798
616,-71.2422161125
617,-82.1758141798
618,-121.13247075
619,-71.1683627054
620,-98.7794008047
621,-84.5610571922
622,-88.5465934182
623,-17.8515716262
624,-1022.84496165
625,-22.75317766
626,-42.1603121598
627,-44.6440828152
628,-84.0898464237
629,-34.1004374004
630,-40.2028333378
631,-35.0872743646
632,-19.8361454288
633,-24.3655774901
634,-45.7666044012
635,-26.0770954342
636,-75.9973948741
637,-9.18512999138
638,-66.9474469217
639,-17.4151568507
640,-25.2185798593
641,-24.6848545381
642,-18.2596238357
643,-23.3541568058
644,-24.3179878466
645,-28.5082910338
646,-16.8511022929
647,-24.8713262186
648,-26.3513605239
649,-24.1869734142
650,-22.2346556429
651,-22.9446047011
652,-24.3267503315
653,-27.7170530958
654,-22.5442988817
655,-25.2890118492
656,-24.8868751233
657,-22.8111657805
658,-23.1884944416
659,-23.9720792447
660,-25.2174058983
661,-22.2709134209
662,-23.7732653591
663,-22.4634553132
664,-22.2900538152
665,-24.2730551353
666,-24.1518738448
667,-24.4436819373
668,-22.0762086217
669,-25.1816966658
670,-22.4168844965
671,-21.6808268103
672,-21.7099698938
673,-22.4379337772
674,-22.7047773503
675,-22.481281418
676,-23.0066067491
677,-22.4812783498
678,-23.1185292473
679,-22.4698630356
680,-21.9935186854
681,-23.2818566445
682,-22.1317681452
683,-21.5453428869
684,-22.5016881879
685,-21.9876679203
686,-21.8661810333
687,-21.9597750696
688,-21.5876121821
689,-21.7682390412
690,-22.4723619863
691,-21.4805682203
692,-22.7549546726
693,-23.2945820882
694,-22.6699377292
695,-22.8594475278
696,-22.7376852498
697,-21.8582334185
698,-21.8150488605
699,-22.0066807518
700,-22.2916637502
